11100011101000000000000000000000
11100101100100000001000000000000
11100101100000000001000000000100
11100011101000000010111111111010
11100011101000000000000000000000
11100000010100010001000000000010
11100010100000000000000000000001
11100001010100010000000000000010
10001010111111111111111111111011
11100001101000001001011000000000
11100011101000000010000001100100
11100011101000000000000000000000
11100000010100010001000000000010
11100010100000000000000000000001
11100001010100010000000000000010
10001010111111111111111111111011
11100001101000000011010000000000
11100001100010011001000000000011
11100011101000000010000000001010
11100011101000000000000000000000
11100000010100010001000000000010
11100010100000000000000000000001
11100001010100010000000000000010
10001010111111111111111111111011
11100001101000000011001000000000
11100001100010011001000000000011
11100001100010011001000000000001
11100011101000000000000000000000
11100101100000001001000000001000
11101010111111111111111111100001
00000000000000000000000000000000
00000000000000000000000000000000